1:ItNr	2:Metric	3a:Time	3b:StepSize	4:||Gradient||	Time[ms]
0	5.621593	0.000000	0.210262	0.261305	23.1
1	5.191092	0.000000	0.210262	1.134122	0.8
2	5.870238	0.808329	0.202469	2.090387	0.9
3	6.006390	1.808329	0.193592	1.499109	0.9
4	7.323095	2.808329	0.185461	0.780395	0.9
5	6.274652	2.536851	0.187600	1.462600	0.8
6	4.464079	1.959389	0.192318	0.693970	0.8
7	3.639405	1.382108	0.197279	0.498651	1.2
8	4.704098	0.805664	0.202494	1.091126	0.8
9	4.290894	0.228315	0.208001	0.613192	0.9
10	4.177757	1.196453	0.198929	0.835364	0.8
11	4.196569	2.191393	0.190394	0.513083	0.8
12	5.434678	3.071574	0.183433	1.360478	0.8
13	5.910153	2.494125	0.187941	1.155064	0.8
14	5.756792	1.916663	0.192677	1.079027	0.8
15	5.805705	2.916663	0.184621	1.957267	0.9
16	6.940086	3.916663	0.177211	1.145157	0.8
17	5.890384	3.339201	0.181416	0.391310	0.9
18	5.087291	2.767321	0.185781	0.722336	0.9
19	4.285499	3.593396	0.179541	0.984888	0.9
20	4.049527	3.015942	0.183857	0.719557	0.9
21	3.856347	2.616869	0.186964	1.334446	0.9
22	4.851668	2.039409	0.191650	1.008176	0.9
23	4.863823	3.039409	0.183678	1.101827	0.9
24	4.652850	4.039181	0.176344	1.191497	1.2
25	5.956073	5.039181	0.169572	0.850446	0.9
26	5.398827	4.461719	0.173418	0.458204	0.8
27	6.614257	5.458537	0.166884	2.545007	1.2
28	4.609408	4.881149	0.170607	1.064701	0.8
29	5.655023	5.881149	0.164260	2.099537	0.9
30	6.185822	6.881148	0.158369	0.738664	0.8
31	4.274231	7.814871	0.153237	1.078154	0.8
32	5.085388	8.810982	0.148117	1.237056	0.8
33	4.176920	8.233520	0.151043	0.146282	0.8
34	3.690776	7.682164	0.153946	0.857447	0.8
35	5.984564	8.465217	0.149855	1.951842	0.9
36	4.334292	9.465217	0.144936	0.396100	0.9
37	5.595880	10.465208	0.140330	1.679080	0.9
38	5.611764	9.887784	0.142953	0.535996	0.9
39	4.444999	10.887781	0.138470	0.651704	0.9
40	4.533216	11.785697	0.134678	0.858038	0.8
41	5.345725	11.280973	0.136784	2.334587	0.9
42	3.560781	10.703512	0.139275	0.824204	0.8
43	5.067707	11.703502	0.135016	2.195266	0.9
44	3.952672	12.703502	0.131010	0.404541	0.8
45	4.723083	12.137248	0.133249	0.902349	0.8
46	3.625937	11.561547	0.135605	0.738909	0.9
47	4.074783	10.984217	0.138053	0.393699	0.9
48	3.923760	10.471982	0.140300	1.028521	0.9
49	3.565368	10.359485	0.140803	1.312371	0.8
50	6.890474	11.347230	0.136504	0.899335	0.8
51	6.497625	10.769768	0.138985	1.292588	0.9
52	7.062078	10.192306	0.141558	1.209909	0.9
53	4.253729	11.192245	0.137161	0.399204	0.9
54	4.969734	10.619291	0.139646	1.140225	0.8
55	4.670724	11.618047	0.135370	0.143504	0.8
56	5.297429	11.082131	0.137631	2.031004	0.9
57	5.368865	11.781083	0.134697	1.952047	0.8
58	4.739859	12.781083	0.130710	0.443745	0.9
59	3.957309	13.781083	0.126952	1.175290	0.9
60	6.690018	13.203662	0.129095	1.198945	0.9
61	7.009271	12.626200	0.131312	1.565731	0.8
62	5.531974	12.048742	0.133606	0.902004	0.9
63	5.240911	11.471281	0.135982	1.342185	0.9
64	6.860568	12.471267	0.131919	2.106818	0.9
65	4.185132	11.893805	0.134235	1.075464	0.8
66	2.925476	12.893805	0.130275	0.433803	0.9
67	5.518901	12.317279	0.132529	0.924077	0.8
68	3.711933	12.512529	0.131757	0.483980	0.9
69	5.395385	13.512165	0.127941	0.606650	0.9
70	5.167154	12.937778	0.130106	1.198547	0.8
71	4.577321	13.937770	0.126382	0.725385	0.8
72	6.181980	13.360308	0.128506	1.175786	0.9
73	4.753821	14.357680	0.124881	0.527634	0.9
74	4.957446	15.351083	0.121468	1.236397	0.8
75	4.983019	14.773775	0.123429	0.635371	0.9
76	4.771048	15.678457	0.120384	0.699386	0.8
77	5.682689	15.366246	0.121418	0.649340	0.8
78	5.110598	14.790194	0.123372	1.160496	1.0
79	5.902058	15.790192	0.120019	1.555944	0.9
80	4.249785	16.790192	0.116843	0.785378	0.7
81	6.470564	17.790169	0.113831	1.669068	0.9
82	5.000641	17.213008	0.115550	1.084235	0.9
83	5.097182	18.212374	0.112605	0.585641	0.8
84	4.711492	19.127324	0.110038	1.322002	0.9
85	3.871684	20.127213	0.107362	0.435180	0.9
86	5.246267	19.549784	0.108891	1.294283	0.9
87	6.422422	20.549696	0.106271	0.964348	0.9
88	5.042884	20.482805	0.106442	0.386557	0.9
89	4.524000	21.480154	0.103943	1.316744	0.9
90	6.194224	20.903890	0.105372	2.037051	1.1
91	4.288948	20.326633	0.106844	0.522253	0.9
92	5.990269	19.749171	0.108358	0.817706	0.9
93	5.566183	20.748524	0.105764	2.384152	0.9
94	5.785631	20.171062	0.107248	0.280278	0.8
95	5.688837	21.170990	0.104705	2.109187	0.8
96	4.518753	22.170720	0.102280	2.293754	0.8
97	4.985527	23.170720	0.099965	1.591911	0.8
98	4.142262	22.593259	0.101289	0.192927	0.8
99	4.130412	23.072113	0.100188	0.368074	0.9
100	5.081470	22.692156	0.101060	0.381182	0.9
101	4.952347	23.041876	0.100257	2.010642	0.9
102	5.741526	22.464519	0.101589	1.429091	0.8
103	4.847717	21.887061	0.102957	0.477497	0.8
104	5.823041	21.316184	0.104346	1.229264	0.8
105	5.162724	20.740305	0.105785	0.662323	0.8
106	4.710778	20.190628	0.107197	1.217082	0.8
107	5.331998	21.174403	0.104696	1.982495	0.8
108	5.795858	22.174403	0.102271	1.324217	0.9
109	5.577092	23.174403	0.099956	1.543939	0.8
110	4.754771	22.597080	0.101280	1.569404	0.9
111	3.993833	23.597080	0.099009	0.888464	0.9
112	4.813793	24.518906	0.097004	0.682981	0.9
113	4.608772	23.941583	0.098250	1.119113	0.8
114	4.474115	23.364122	0.099529	1.386837	0.8
115	5.948354	24.364121	0.097335	1.256069	0.9
116	4.260468	25.364093	0.095236	0.477724	0.8
117	5.999942	26.361502	0.093230	1.556774	0.9
118	3.715286	25.784040	0.094381	0.424671	1.0
119	5.261375	26.716312	0.092537	0.857108	0.8
120	4.748860	26.289084	0.093373	0.081044	0.9
121	3.795703	26.001949	0.093943	0.423242	0.9
122	5.851135	26.038542	0.093870	0.748676	0.9
123	5.075171	25.508590	0.094940	0.580457	0.8
124	4.698889	25.041274	0.095903	0.129125	0.8
125	7.183564	25.001008	0.095987	1.432494	0.9
126	4.224908	24.498158	0.097048	0.920127	1.0
127	5.247641	25.498158	0.094961	0.687342	0.9
128	5.568202	26.497835	0.092962	0.696225	0.8
129	3.781331	25.920556	0.094106	1.546064	0.8
130	4.864749	26.920550	0.092142	0.390224	0.8
131	6.296943	27.920493	0.090259	0.566717	1.1
132	4.237003	28.780464	0.088700	0.458062	0.8
133	4.889970	28.560588	0.089093	0.711875	0.9
134	3.207957	28.246479	0.089661	0.297515	0.9
135	4.424557	28.739772	0.088772	0.519341	0.8
136	3.796308	29.003838	0.088303	0.570442	0.8
137	4.736604	28.575656	0.089066	1.035537	0.8
138	5.182645	28.001550	0.090110	2.472980	1.0
139	3.887032	27.424088	0.091184	0.445598	0.9
140	4.569354	27.491397	0.091058	0.370384	0.8
141	6.178784	26.996160	0.091997	0.884822	0.8
142	3.595959	26.429128	0.093097	0.713214	0.9
143	3.913844	27.429110	0.091175	1.034044	0.8
144	4.986122	26.851663	0.092275	1.461586	1.1
145	4.312641	26.274352	0.093402	1.144901	1.0
146	4.168560	27.274352	0.091467	0.318432	0.9
147	5.107740	28.270698	0.089617	1.513288	0.8
148	4.682109	27.693344	0.090680	1.458648	0.9
149	3.783483	28.693344	0.088855	0.381493	0.9
